version https://git-lfs.github.com/spec/v1
oid sha256:05d00ec6a35799225d1f52564a779454023282b6d65d3457cebd15bf4254f2f5
size 155645
