version https://git-lfs.github.com/spec/v1
oid sha256:33b3963b937ed96fde94c99c52135b938f547a1e4eef87a2114658318b6d79e5
size 1053
